Material: Refractive
ID: 663320520
Shader: Refraction
Color: [0.839999974, 0.819999993, 0.610000014]
Shininess: 32