Material: Shiny
ID: 668319520
Shader: Shiny
Color: [0.839999974, 0.819999993, 0.610000014]
Shininess: 32